993038185658
332164264550
878319114311
894000774621
885996352942
637361511564
280144220893
922119991744
196510656324
938061443089
825318699329
267772367513
339556719109
431047334146
686150164182
493637564792
539440348314
558871630301
620861390288
434006154320
211840323735
157730521925
331839785582
820386923843
355010262920
281352017506
907747243537
295197047646
926288662826
361133290325
441829706834
120936959692
577241370276
487492168320
383510325253
876412860932
769298731422
990490951880
525945366228
265405311960
765505592171
764286903589
551156398035
735122247809
964716670197
157610666296
172285417476
569222168663
967672637181
663098954067
851657084547
894063475515
324094634725
452369783218
106418540952
691844592134
457936796819
830304084647
892693446381
472464849520
510953057262
976188353466
953267934773
718833246908
298883772084
344952805057
221444361272
439686252309
600763076102
715080108006
740103925556
280537953668
108300457761
487904672834
607367449673
722679211965
638312270868
272636683381
315516271979
797334655101
859626299898
375699018304
407436727446
691710060889
372030121824
280223754846
396459138551
324719347032
511189122968
386523220536
938582188758
827364646259
246848606342
611720838621
756247193645
498645298576
333992061336
346517888650
770209265580
812344157886
720441519274
545466217566
214413193790
616085534420
569199984858
900807627073
643425909905
689605179872
375535913131
214052269186
796056496570
670449140386
248035879670
815092980648
809668917163
663056869818
707818737524
135272663948
976554562709
976482957624
684344221670
710434795973
359427514936
836179809021
729555989685
356456919057
326235013069
256285331642
727516538659
291888499946
745593308199
644754688346
434558761012
496278560436
670316306841
174528132920
422890017607
119183817454
774996012804
530089617357
631186564717
244688025112
375395828865
571532205956
833156632367
376705831296
979785435789
124052146491
817698065828
760995649299
710790995734
477928752913
589058251638
432425745796
439258162864
600013169132
844668146656
745141527591
971665683328
857122970446
889809170050
915251810737
581135526372
306653574520
739454681002
657756000996
627723536101
565686481557
239318296625
494179712051
221568343165
972882131578
223864757663
896637619954
552478507058
990942842394
551810173142
883459372569
999314092546
181536029412
358425710517
584500103593
364462215667
569865704936
788163572003
543178955606
134742748883
984628340192
378363066204
843034840495
183485468791
877870739136
715388380083
791815244102
895383085577
676854168390
618450641830
133672045372
643076480374
511741401037
973187719748
214748063106
677807107629
491932753066
758420703941
930597370148
795215735155
918323325336
799267532947
895183762307
518391336953
137889480930
394611208983
885977171696
403030392407
670483803927
705498223235
470846677324
230793814742
724741681636
168052806802
478766940281
542224033951
574273365379
940016409485
265973646341
242000218487
835812048548
603410061097
470198307466
899651189072
815332460625
976974832157
820328798780
311404239491
659286639919
864474913484
525501730017
555169451380
321613321839
732118352918
300975690169
468695668623
964296029520
687046083976
236466218843
323297349188
470840660549
315847053546
231503465189
566667124199
448821215359
996810590114
233374473404
951248889174
982434264972
271785535124
963380185515
653768846561
362065162102
828590101200
296221836304
470043754565
767996714071
599258939111
316387666104
346025917098
489311832819
674127054204
221322985785
818012527096
566253984818
924669779687
958899991231
926575091957
884502898661
804076885091
994141096020
738880941943
538924732438
107776417213
678744722091
264056749835
849592063721
319038981951
906385730799
718183452223
851417325196
871676111886
113711630646
776646852316
708057236865
272851130168
516403135668
114911635723
856380782531
793478108912
164792925866
777299504244
117792062593
889051855777
728222508475
403033947242
735984399051
285631124886
895187296951
733318521869
889529052641
509625418538
963177677173
335729743815
845101621803
457404524316
279224708535
345777104446
159182914216
642872310299
139287301386
545781842389
454012224280
987470787865
803986561366
537539354998
534590586216
469138350971
530082927087
804312508715
810956139502
284704184005
875467954565
638286455797
814875382776
154875878808
197156782927
711723941217
929477156662
702398311186
512244180671
184619997968
418249727182
938969262311
935170429764
184220538051
419830677803
114061525407
264470219897
986963157184
900053832699
732560716959
828607376408
520233699743
812213807765
768995273930
890962268008
305953109938
789802230435
590706750054
385025774924
679590340173
107316509322
104363336164
248280747490
700156478769
243705625017
506091673033
891845003803
531392496203
164148066579
950137898425
131022641839
324405349139
170463629854
826753492380
770721939036
419020163361
648888525085
417358173113
529046785019
338849521635
648972783809
162978319187
803532325346
767596462619
759030434231
359337922695
701612084078
617609139767
315539928186
399227873196
779726671779
971851965617
803731214760
669509285367
498226991268
934286015508
238283041475
991520823442
253719852320
444676390398
702056522480
986288488113
521997559545
514006791965
746664358343
766385811788
366456730101
262772438296
609114318733
456965844126
156487746341
970097797317
492403188645
734471191999
277396927861
441882291000
880238567883
510188406302
631357656935
725761972567
182796918955
661052203450
214728282518
763415535027
626354895466
505622867848
225208713205
266248439465
416322614781
355090305210
778958016578
825827522518
215393076669
659616898632
780369680952
524208229140
959524310220
158812885306
166663899657
507078439887
899427793868
515994674195
321955703179
372435160372
366293832707
463990640982
356963973790
852666480715
888874853492
923096457020
258737341060
200641862013
173107384570
567808893561
722270371906
177289197064
969189621726
743632940619
678451100662
634511970514
173476689828
482044810553
465225335786
979745572149
278356498588
581996378024
110120538042
410841439824
625171089589
459293091262
876723097033
391867848941
834734761134
638569897851
628249262762
729378509537
201625114623
522770791476
435651914455
285233490193
599759164822
804076913869
221538760812
550526640943
805399007899
601150593114
419481920532
880672796438
600587176697
671521539234
945853269594
449317300810
186457357016
686108264141
968570635687
815497273744
101818810636
397037981029
951976208014
785876356413
524073066283
882775679066
298607423001
832091901649
104086382358
938435917465
657347034733
881075133116
349727938731
950033023246
968530821520
362739165943
892012491443
122546910619
551799015044
741269862275
926672406197
828794655560
991471353170
794918176556
238143858662
183787743936
743651051145
837008010470
456711880610
780707148070
284385733531
960979116947
810450047835
589700013977
156065119332
650282907085
394301806559
283629904460
568497372416
690505946210
595441037325
724665892380
338808266360
431887335047
861397985630
495773727436
785581503894
881494981816
208575013701
209843791418
525106808194
207363171815
281161226146
261045671731
319480096367
116328846498
273626504533
898728104565
531661227235
157200230087
658110654061
280854341620
109305111553
319198971378
315588168464
960228634089
292954945563
603359194520
358570620553
461108071546
256013993568
490253537991
170185945770
649163898998
315067220917
352988391588
960949297674
960841045207
380172895937
610895894457
635094778714
899730789793
594920878472
315220000353
553565296286
458015190528
505775883380
898576970601
925983745848
314732194062
867526148880
344072363422
140306991063
514464697179
313290607523
387396986456
693826389307
553984349030
231393779911
645486807601
580370743671
470926437733
206096274092
641646172548
846020185774
172056417194
383243043454
768587381989
688606389276
480215073006
935186681591
286222328318
859211856040
112294871286
142669417801
425197233469
707465145470
874823489215
469972715270
564249025185
505972040145
812059617627
545701111850
985303286520
682595035583
337448413774
271720247407
574819051988
997046604276
423314899060
487635959667
761418210800
264913706136
741362516605
958841507101
441918611061
767375562057
740352999757
714441793743
981018736403
334229361342
695631166076
777170839948
768482626600
963533800830
758006616792
985828009147
141114846036
293557357540
628976103665
454243579193
767196732001
152215383445
405149749180
249646404946
907746292098
786535016669
957858548928
683859525396
797074375900
141308090363
712609973681
889958424412
177258694295
428193092322
452758936944
992993749090
177955625998
721482086766
422619802626
880602820686
696607778495
620016255641
354791845485
678952036740
882649836027
371750372584
247410367108
691558424493
272428305899
117591596555
753981813009
503237548103
132063865213
509739349816
324958905610
801716596863
530724823964
622545083904
911251060700
591557657673
185098193464
745186123768
457310277367
423365726624
651242347047
704965491843
300889734124
557349152500
711008850796
490088564011
141081333485
365026197068
232646586831
558673115610
594804676583
916087639574
922509437523
296035833786
351749972492
861762377149
722845560230
413019525351
516798846281
437411639492
916546700316
814189778542
936148674214
330533331559
387920531463
934089584129
160762951677
917434784197
306560022169
114549419572
202291279672
657024308292
860154792069
216467025857
539244453650
768913435860
626705268300
104112403616
990668295232
268810902606
864406892922
976932661811
923524079254
237145632549
252849363291
789963003761
444474151836
467237065538
751440887649
466044377261
545809589700
632059306579
542218312201
405042457417
213376300978
188339177413
970753226845
529525090460
841093758885
543622756008
504469909811
676881201183
869685925410
761388265591
627047727701
331780732337
713896661507
563773579386
136241898598
478645906564
994848530554
440988044041
962320803434
110134633013
847192091469
998584613862
980827561515
686489828164
851568693955
157877834756
354706033329
594407460433
164710947464
632533174256
660951460706
825888087798
147248097729
138792501957
716064425369
299776327237
238689181402
373214768714
350728776739
959178620935
505445772476
546244736717
457840839420
131295060919
135139076523
444242764835
954928178069
620488841566
626074521612
568433696668
310501239398
194813654771
937968050687
937175737601
546598097602
444160895275
988303724264
721140246848
447866183456
286822751872
143573701350
463852122586
210649653988
225399701106
763880783687
126975277567
400967376076
727192603243
351241908504
739779561339
880777516008
523461622517
625941892023
139121720180
247556673554
544661820260
338783170964
745147241914
839108157291
909825958469
487747546623
632816590008
626379920791
341410173269
908307892139
206453087497
640463251187
952624779585
935388658182
790290802168
487630274663
250502110000
363265046367
354111053170
452111977461
290532711091
242961089041
780017513975
922897914921
615471989522
486622061497
491531168007
248942566111
786353052564
273796705484
916907855120
831069373712
846411921158
263809248635
521983714309
444246332427
758543285637
118137926880
643832637324
575393005179
576419514302
365564684688
903713475441
199378000431
723768574533
596580804489
761098369455
880097476663
881147972854
880155482583
363818673385
296469376714
109026021961
121447751529
768239629863
179444135880
739391263149
549804726753
580667342879
332932274103
701059504696
562363272053
441264970120
608026263987
693366281881
707337534223
436353794539
577747850959
327309312596
687697969773
217032502285
977291252259
796489326030
667639026919
974237866326
831853108647
592865946124
789078094721
437796828391
582421506358
216763725041
264116113651
565504281594
248510795222
430650841064
102774131555
607530763604
232017160984
722465442078
504963775158
728313730717
170295531539
673409090301
582703937186
662496442350
404498500197
841282356893
142767997509
978842704216
416576487289
876021362881
259166396404
523891114857
329000534994
134273455417
683546832864
569158384671
508155400234
738658612040
807563226000
647636139622
820533235687
716452521923
686249024252
648589104188
881846119999
106552605351
360410420726
477479503547
682982956426
760740131545
999631070500
879291666604
422206971553
553829197632
780254460332
613101198016
196639295416
226582882436
261692871331
965566736365
189746829589
750973448567
487672080478
756961042471
188294869709
358659813490
581368914335
396647471912
849635568748
128235008934
788431713091
609508815803
790865997674
765837898496
504414453569
741342903928
402883260848
732663367727
769548910093
954997216772
912305902862
390125828610
101837282045
314613034683
777917932559
493296604441
927373445473
406302975719
893409459722
654351397964
116204998987
793895409996
634263788778
169740204190
360806135078
402870329104
712731028353
881114282864
498827470117
242078334809
813060992156
687197501771
134402439881
144259675337
619822301693
921751532308
985416100380
959733198429
938747618784
574776746541
751011662460
575016530796
924206733637
670424105667
533735188604
514319368146
593429225752
874767863492
397676542718
624551435993
571477663630
304001930322
873606246426
892163924114
510519864447
769686940598
917679434728
652238486272
422089788428
581903634027
845906613931
893207857492
596690104004
303664498137
581479710235
749626064736
483898612422
280929678538
312412033623
561974623900
699276488311
913668614360
783117456193
107310369855
901054612991
187214543563
862459212931
712846984606
850283066741
578886572867
854413935910
944443084707
573556677508
595840527316
415775623029
294708893547
306831961013
879299141790
448317855453
666248347016
144384483699
944223798412
368858066945
740133901631
438480793302
561158099467
998033582181
619874651082
149546079285
603642368694
839057308691
275419247280
772224780203
491646315542
799219981223
295534801803
115615262285
623155517723
764955854255
731867453681
330447161428
821937192590
498161018590
381375727615
736163381201
357572653893
938336665923
124798199433
324431977899
218952638794
188420247469
550390390711
463479147436
769291085578
828273417921
315303761406
772589360626
413590324679
921400019641
281327270179
133539880849
148346633467
960852184931
764372139260
923316200648
323206521923
406215026529
817258756958
985783977636
473303522938
339882074229
440070947741
339552588931
192389131506
446656569215
386966906481
374972754857
146865933608
132520936033
933444838190
477765886598
949977957903
120423875672
291772955480
413646582840
171194899687
960807351507
862930406613
748299957028
735037337746
191707769457
774480830569
796874215447
761210198410
562217193900
716681667179
733372747864
641281677130
474394368936
612184158060
633541112746
861460594169
663594303243
627105536863
365699484533
980000503272
785320530111
677772957481
260034312954
790665568725
185000738860
755460209949
652192914242
989103460009
758884649672
376168480126
411684121862
802555352421
960514612970
542888710142
704856238535
147728526910
887153503205
807148065968
429693879835
273594660553
572816681482
556932870005
826322204184
249484098513
212273196732
106575250158
325826346073
647006310077
555788071972
576994286072
205042746053
125437760441
731533169911
803537341548
567989765284
290979080252
792795501579
750080644850
319977717552
816213772675
102623975253
178175307154
634505215521
294765663891
938789844405
331829154235
546268550757
464083567386
522237501989
597986959423
677223814402
555456640767
232777481671
740171441808
590309341256
374737393545
423272531731
998315626351
453300132772
490680179020
217946600238
751517795427
785437621994
459642256905
923492872755
465265072114
887663937833
857969593448
973999105102
428723677648
462933997261
295485630826
377289870657
136869062872
193073566136
311135202539
136028328468
384180244409
948500463904
949481338731
455703152969
248189362044
760269593552
194729888960
180508249767
492270361859
562657614122
443382867979
116327247474
274333505385
830775573186
588921899423
427660008418
262732411947
731158533681
391055856171
610282769832
368026288994
425587222254
161179480636
720141806142
184223227394
495104474638
710010452180
253560951431
629193956157
521598749884
640886982109
950123429845
440173973531
809358867967
204794857704
191835572176
580883778059
617594541135
558303430001
383290361070
654806306147
717445971152
242545814691
274076137504
792453725766
248718327946
290734745763
237703614941
834057281819
521314876856
480028429791
556739513228
138458274782
373219622692
120268171065
558144237177
905085960503
714893780086
181554257125
644472540443
592503153165
683497259465
763218501685
506050196855
615829290787
186297038295
586075890260
799807250517
448761943588
809225328570
519141037263
824113383073
766818389586
269835935641
131334776204
992877541144
230294680955
880706119902
551881758503
497146169556
812334871572
317159056274
992536123023
988051872532
324917159994
782836084872
965362088293
936256394733
475787763550
229201932798
812266128919
768240185741
477937416571
577585344073
987415694274
708315440467
394012377707
694453273342
966725912995
869790623284
540492947334
151137288537
943888772664
219908203166
267911432335
958831085622
173418330962
943026014339
565939336756
443394563591
779700778625
389730021966
510273296927
742994019016
403651840890
551450454353
173577000066
506444159544
547975330426
836194283771
693084571039
814528134930
507018973300
287553314800
187685771947
888349741918
403278173045
324128920975
101517522761
158022229734
141936665323
670370779975
842531724005
268936845311
859580185412
422877625018
397735566355
763804506412
708484140717
980286338156
147983414944
701811339301
486284436870
362773869125
205603475088
292184921135
237887553619
843818022567
848699794097
441644756542
940015514085
381199209824
662609859021
630847302423
365630475947
973031847068
764082958728
639904334777
915389290551
134150574567
751651529084
176189314391
729200419383
726720123984
441255515177
639822914733
328470370544
747409156848
529377027179
888208778358
223356834325
208194933472
277255185863
422525711963
863174962997
283712273992
292979366590
417997206052
216371318918
877602913253
648693644382
575703802198
928384603560
665471750877
653227304685
755743127709
678131567953
335371919966
881608314247
826191898953
489171851099
994688120341
676588207491
280501795461
427842927059
586105229108
397578702763
470481488730
191033169356
406068034454
261653816851
426419602674
657812816427
101011889380
680054410070
838776806798
928412842301
113380143224
505235047188
819340446771
264491791654
369619194056
113578356804
540843278175
246639812648
605915863392
117515124983
510702247354
422556162510
715259844752
500850734084
900222123191
178054219688
576659611581
441986341323
877870522256
504662890126
484676876698
616763670817
762904491695
528840761213
730691383339
684094843264
525462707557
662791395836
549197544170
542667140347
372659256021
882015576511
333729768075
660825718125
304799804808
981683525901
371870346839
155674692015
580361866878
258654928230
453750628787
527526816430
189381473703
546842278294
