324214668538
252506412341
419155527399
258363536556
172845982310
232632313198
157281152507
511049485322
176633164258
484190525044
827433273796
886113756294
548547238540
730667699175
373370085928
693057171152
666554730345
829882348295
497083637969
381269051666
299102271656
244652250181
482801119022
394120780390
580326258701
925799459437
461390906467
728735219492
678414824061
175002722783
160831186303
165698453302
558940171357
821565871006
916129617818
810829649824
942559703387
185740222442
807062839885
626929147546
297418876083
564839083701
809045513523
624574422602
649157876804
601870525070
705430277251
993355978501
294068373585
353457196238
231116055083
566298841313
887872640372
574209219083
207164192462
971659477985
268792672523
599830025836
919751916614
873788913767
710503412586
687794134011
585924866731
670075844151
671305943417
288389306139
619691828449
175007971512
361219422361
267852122284
168497848724
965993033702
837391030908
624232745452
464837907416
134568562598
460979612798
477779568061
713456062441
682510721537
363307035515
188793948995
583752432822
807448360235
883104779153
907326479545
650025514096
158246374383
637069448078
570049147090
591797670396
728732521713
963922401778
771979136095
858445642988
321763071747
744341414535
490520240476
925440640379
143926038322
407896097533
848481174575
920821250831
755648202914
355902588622
655060251336
238282995882
398060282408
594956957310
981480566315
944026194600
936567836337
271135901789
294910960833
159917157922
521579941367
278062777920
549438639758
766277222659
143751497977
538570141929
346856817730
275325699240
499773780354
656334585205
774148976504
493376253758
821606470744
529108790938
236454089963
445915515636
165559198798
117248385562
598291162898
179375992169
805293017624
627668846845
370365206059
713349928785
899168314750
795574466182
597317268479
804857020780
745826649468
492760121740
862656234061
936080691600
104190478826
454033359908
608965846666
780240558650
989393352077
769110278935
643512583405
702171260993
775802157931
772153223846
134526893981
628282652000
191086072366
204696079210
593184294342
682891747709
629308680694
427740620849
795190170319
599074497948
170310317189
994575854104
859655819624
520219603202
388133048788
993636292089
321010245489
769112260277
283733337347
824632962094
179464493895
724927660434
359719433426
766615490185
642767522556
134383938842
329187060788
847141874310
748230653056
118193436268
407060491074
949900955422
778037627084
601670176935
762776685852
793089396732
183662867137
909196066803
192128416904
225043226858
833786084479
792089979192
547891741594
361613808215
495746909234
898887437026
436182639057
435902935640
396878406790
789452569040
621541876045
545738222157
325703907231
865874561383
652142002471
721766407637
934092005701
381990828712
370887362968
429371937426
322010382740
544133889984
134356236216
128814643399
732795723840
878960556729
195102701606
510538156443
648353202975
430362185005
192645562421
110367060081
122755068145
172658719477
335403793317
140794041567
848842788303
469369685744
935622276139
118775049325
369868532490
619574331086
182405260048
569036247768
627885158596
957914854150
949979245361
175476178128
265937425342
334742305469
578106970476
170311496969
883987528885
907385272379
348782046379
373418582457
216155991682
166241558061
662350864696
961222542495
322012782604
256481790500
783029220045
626863475389
974636812586
977824750369
825191733734
390667529466
523495098590
991097708869
164313551177
254686297940
595317777138
474604569629
417979146913
370302857456
199727114761
916652059842
303997289654
203013740944
186620196793
758293101071
934014319273
297599587729
746011411224
108484799494
289532051836
729651407208
136965757145
399667796381
860673462403
840031000585
683661621894
562734599630
128659014787
191824553745
488859814171
519650345541
224281745621
868011866353
705058624515
102457676740
944674805645
404822699434
593427917792
297607627093
695383229298
887438194694
638674418202
571272941684
621148874670
232453310822
961580674912
568313287201
134956130928
885086162921
153983429508
651624127690
102822027384
827414374197
631735990427
908662377649
930190979587
165007279993
529699742965
637697591881
501802061383
327197913854
164389582394
432270085569
799247209774
389888371608
834787533976
884124620274
418707141932
474799854596
161651965711
752411852734
318103905954
380195026927
862673519303
258601179675
149509903753
119989713233
463308514135
572658779954
256852142074
523517658177
901439643208
337159796369
972818434786
499091641552
663009456162
623515572806
769526591547
747610599387
214163424943
870704719876
218026132477
717163712694
206347545871
522607384531
650584013343
653606709818
912301290824
900407464454
364379961900
939578018925
218956206520
821558968898
612794770758
605017699135
913834711101
462405743849
224088518969
495379803219
950270464217
739755568412
917178212043
862651941729
603365403150
666710375097
484556859169
259148587075
489023137316
279031603007
616690252397
260598939077
538772763646
989493768214
277543077537
637201494788
774763653816
682209963302
845338744676
153936171753
802385424191
831556743695
877302298642
132274016922
112418500802
100555365080
995774137514
676944005983
140122012610
674346844016
867724442813
213629827947
308937158387
194848855649
682311106293
659177778365
682993248887
413320030306
955063838370
161248437134
674996241395
232498879937
346527841357
206056191671
461931142927
619523584831
676028575708
855762448416
997162847829
829567201135
927083415747
571640622244
321672862087
423633878131
651460476657
638060861484
812929995089
443734826093
129887298722
977992556793
883355858315
887019971089
857183185752
765956572987
948782513301
303842913571
423026552835
101927824852
832607095637
491842204029
952377452832
264127473392
206220454594
729021583146
581741106360
656416945080
140544043700
521530835341
276415591615
612951874599
458625237549
741293245112
788979087835
924017598533
233369998221
322173214037
157459493268
892292487102
288276066285
528750719579
910950768641
755238721429
527619134151
612362005208
625003487467
432941313688
626334588669
993171210056
613815080507
481753500341
942085315101
312169821229
495173519655
841818258425
565682761135
970252757189
839921422950
127920209167
541476095584
567605257045
283424573413
187109463813
899305781383
258398658208
877876904167
357299428924
347642401979
776692567177
230745021409
535887242134
274971627155
814464041993
799261776649
449211045078
211917355361
272225153356
667810946598
298955903703
910515495141
592359666652
903005517282
815209338075
170872052689
677047236712
162887964866
601342470841
969541484250
627632090855
776425559686
192016462379
751462679962
776083386833
588174546756
608410106789
729969827202
751941745293
644459125254
863138742532
817180739762
339689202511
804432834983
462842878949
321689750245
980549932531
137236662750
240965267609
360074859074
446141024338
895062864274
200966797793
209772459621
299500542618
320810864027
909773495044
299149248753
182080142834
866938286583
566947417143
197327589720
472053904358
246827925068
701082373016
627447060057
199272708004
506879191413
100353495854
124300612117
506196820483
118829439448
429465765025
628619253449
858530595649
964948350869
295809385562
540388529836
512350955032
643344550666
587946584957
194394521389
158736243505
487432969669
948418888785
863681318905
405776230458
373147875743
286824516351
723405524248
286153165173
905779228145
941271214017
966268487739
274815717553
844534266797
612553558315
206680025677
348456043080
139319816579
139474582342
420761805601
460727643971
955492777933
204969571304
432524044833
402961305902
815016584014
675146573189
511789935931
963083937478
732451944604
508153397651
675245960828
700595799491
350988036910
608951944826
386584369695
693011482570
309822788067
434743921154
228827946404
963428119698
293309046630
849048574670
876067442158
292760932132
114098232714
744155266059
887268771296
959407553953
587844389489
910757635659
323740028173
493154433494
645478752209
164086729415
878104347449
456779697946
394899970598
749528561806
252956321626
896495268129
500055133633
237124846035
339486600223
671991779869
702005794219
319892425381
529709567268
445905171285
191814344664
811211003494
882928413078
898475262392
714236315979
499704850012
835269363056
996724745886
530608218741
234737358013
978270777271
837009395577
204422264401
293139425649
872704640613
293933230573
206364446019
189215770458
773045328051
399141077216
432639099016
356814874540
255808578905
143429062304
685844495423
546895662170
558675587853
817895971152
866619411340
986448950766
327565854914
820877356317
779536314075
328967646216
769901346804
560642833481
994611077925
434295304383
312150522564
345877281904
695765289211
574322111307
881125355031
472606503242
622947474006
312002508100
628931662483
227808617277
255884735171
990598092089
275315397893
189791994372
374304177986
698378958012
704302134526
263991830390
380566177327
808807436046
925423744496
724719775536
346554075241
217127089228
781608260593
761267904839
398701337313
627837190338
832617140043
886178563277
378350655974
216232008435
683560392060
379243449440
285476569423
789787811364
180743840357
232555625510
765045509399
664026238008
183159854349
378664758888
842524611772
704218263652
322379710920
857312026886
637112939650
741040850414
421324750796
128143397446
526044483598
911502823914
597903683491
863408741115
580393620822
891109505515
729811853809
795945569168
225067396998
916176092983
599300571873
426831648229
334562126287
554730818341
487300198196
797899895053
544539263413
301059909310
410157004568
717304341546
102727411087
191418678131
321727286052
445412695981
638287835031
651474404630
516070540693
287714173191
715678701591
938092115367
478186217435
321870147605
887524828076
593549537684
253571028970
284844011590
922861367961
980272102669
144223843902
334291984492
766283249486
219018794174
803442788451
491311676372
505049651872
349623125013
104035527147
338204820891
114316994446
506714712245
863139611183
681051931700
530725294068
404607547811
119934060960
978291381612
288529407913
327186731666
716823409167
954259639761
576509964786
801579173577
128682981253
521253576017
520770637441
916824868586
303669713752
726316299925
945483099979
568359110543
534129281655
288217642681
588297442861
647595292680
833618790721
640306923401
400375371085
543282654399
203865490792
838977271469
555599207278
845360651586
237523282632
273013353248
832504860047
927586783763
951615267499
640782590811
602913834153
201802318541
708096225315
210661440460
393328373634
988178826444
825912047212
411607272952
176560910993
212325264378
761823518152
269253374357
685388492970
674861310885
475091430218
110391995876
740770431545
544068571767
137198357841
218889830017
731751807616
367479420644
927388210203
176977821251
160529501827
839655733403
668075158271
622653404441
368622801316
775278360990
892114163691
453684498191
718891796014
968803990899
834852025341
469700969561
800702118556
465541873513
347730311636
984482938552
119384963680
688030988333
601920149229
332153279007
758838707263
340886755953
292619784220
838076357807
208391497623
529920146133
441562718691
849741823393
691133797252
134063359504
624137133546
221100610791
658769363732
785833613000
877682501921
614933979675
452319982774
988094033943
317287723809
403878526752
860181429631
546031075636
654643107625
505535567008
651740853199
146529057588
844011066188
237540422085
671204139580
938368755317
706630727933
957891580770
789132593929
775647355815
148449730978
548536094422
162262583422
543085913571
851947680430
188328772824
433173792315
296852273772
823616181660
186777090323
554428165084
420399378596
666903848595
800336139211
877030797204
648243980990
618668969229
426925657218
439219573858
796942997360
811692227299
727279955128
174787857406
616248568596
283038937299
571644420102
767882878053
101575266384
670275385969
213346325944
952827041199
201157211860
303844522061
612741962913
307640201344
239188576008
262267340487
375827046724
758453656724
890297022811
275617683609
818962012124
440686567160
691273314259
123201153022
719385386679
826994071560
910969841974
241043255176
957318019338
966264604629
568181078702
363351151590
828167933186
146113878816
643590689969
394590732124
748144877917
537860564212
461538618730
138042335797
464062676132
876429411209
169781374005
630322032925
315639023731
948954703067
654112738679
176486171995
487576206012
285507365351
503260001485
835312266592
580238969325
218203859219
378686449441
113820067776
713722595249
550283592201
630457249792
413135335145
457335434567
715494758545
604475849273
785941285427
215839145714
560530932632
341734095416
151410766559
624672100574
619015618695
769401814553
486918233745
383768265792
310991717330
766478164141
979072481053
872331320823
991667562129
907824551217
197725626574
945168448277
623860329846
472810014638
352081701696
377313553354
490200636586
746630226328
264664416416
438666349025
704271103885
732473567622
328384754219
875696616465
606609619822
925763156896
837745817705
207294112476
717370325850
396880041428
599866265160
255164155766
949229686478
768647674168
724718689712
629339086801
564354120015
617613588377
252250229211
554088597828
879901003224
257948664765
529908806263
591721623176
117863534407
162728667999
239075382843
654240038027
451580165751
111535140472
640288294538
438299790811
837445641686
359479119245
646701132072
365312455985
726497811050
272898238280
676441619457
991299195801
244478036015
636266296695
191041366161
355170521584
245115881593
451355557166
558048720754
657977465294
523973928443
540719368271
351746808330
426010516791
361321644237
690064765103
370477507858
689125332199
473593664896
164460822654
767634480612
481679334899
138144487363
952311941953
812119776530
469259596204
936329045676
847662884170
810025481091
814953825050
270354500072
466412982217
398602415213
887423463809
298332246060
740555624980
381527233689
756151550907
449776476262
283545615342
993168483581
313462647780
572467894564
945855429516
757181254163
762220394926
724239840126
928964262998
430669048103
985173872463
387631026680
901176066519
481854950129
132659786291
211344697008
851375610915
438940505056
952763863639
976521999510
765321893464
842217741314
185298387908
684537169516
181537801052
475134141427
708295570040
132379605602
961939261175
279518346708
595653872084
943859585098
939255649542
800649240554
502806246475
327106044999
309538148752
937686508441
409178261811
529765521182
398532967558
865134065041
211012018934
767700417112
997877482531
858305623888
587771140683
180068487683
276572694886
929648751954
287473816506
203610053411
398134765529
183523783392
365599803040
369209440908
902172019436
323764949231
217754752177
348631834888
620487800851
488511527156
416530923855
655098838318
278124692136
744292700545
634864294602
735772337297
365240616814
524263809796
777560161721
675820644302
211704300790
164411868074
256188859212
583639119789
303433391003
990258169961
753555841323
181763905178
492203976255
665335291385
721037156685
357368956640
731416418274
370481632239
941516470409
985381423825
878472696350
312933878103
880658378307
408684057906
143822593464
397891321621
705631566035
582519385401
292249452979
324564903773
972934769446
912302639617
178243939015
262509741452
331588462761
461606271795
113633109353
447362466929
204449482539
100510302225
177523578587
994540558393
550096943858
343891516625
164492439894
488487550668
479490171708
151879747523
955433871103
670836203655
406753132040
484342822207
540847961312
611707961412
800181575614
234783236569
369924405355
519011951808
476718965764
328110062030
323313535489
389599927592
342602550001
157724142615
897393838900
424041897242
551668333118
690699801783
521150238747
830549297508
287572881330
789497835937
797237544881
411092823431
820551575511
883955379244
210446618542
548876950119
384746763743
937306126680
865076017788
583502782588
675459917179
150249912074
410163345061
997885357371
920509394082
335183456866
981109272532
205711527906
772769141350
387064849950
911883258119
957211999083
646524254324
603163383018
507787226755
921732657743
134146048410
151498464256
509120670561
502106324336
710572471531
222697491608
953247385286
355569127932
989863732454
798294581451
516834343506
734168469902
123746555497
750592359580
570099277970
155948549381
906137895419
105165958942
116303696661
678200421461
359550870334
125668156601
756582418472
501476163574
201268200562
214102364610
922202239765
343922238686
212335072238
539121978783
822482918267
517474370907
262523878023
217744270886
781112188670
507903512082
964050630997
390755113387
411568598681
460055081923
565268809832
828070583827
367673169063
309351175923
583051392051
664181697785
816738137374
151226341692
109944090694
233070606079
399421822473
156778565969
635845506112
899812241339
334999347796
936628438220
831566001449
661397879574
575527956895
312061815483
747850148486
382699229170
987386748979
800956741554
443264187991
748707498094
335715441868
829583245327
547532486822
720899207478
778768081204
873933019965
524841046654
838066143717
108851740201
352257401379
417584733756
768603824634
344016144312
817573988789
500784825428
713934182415
312447722879
960088949114
395212388227
562545587911
227358961429
847672738524
217938494360
978961547943
898710912710
846331305564
772009151062
464206405925
447607846475
132718822477
582092666313
917336319734
201305744737
322669785553
730507290345
899088212981
537220680555
796515947431
340642352914
354187750593
599608032311
989723686308
873227770989
572935932195
608512602001
250796065584
431368930795
632736439062
771837184270
929049482316
117639991448
699609585104
717016621900
197656136565
330190290065
234149900561
257703801760
737912530735
454708322752
980745282160
128200100870
547848959225
616125034021
868671852179
453828585922
445437990881
858634316825
166929764131
832360358262
691072710296
473763219776
219728361649
312740553015
624271113682
386348191187
549644958163
289939930772
311128910015
149284525679
689085881455
427358900048
348424332364
678122714210
234807168903
465136350614
531343377756
209714637983
451008237305
766331422623
209942879408
300775077322
312786952124
366008087652
535765370444
140798578174
879083604438
538672718224
561928587736
905453951651
637486782652
948247902421
929025005968
474026652920
370479648180
645100524004
239215641765
369324455799
386452700510
161768693050
125518677611
383086661122
743532885392
131229115916
350722518713
402493657901
186817534841
596619856910
910448958405
805023447686
451636604716
184459547449
174155296367
616776366111
302982529333
951966691351
893448456998
813737187609
664235085928
193793842973
995566990840
891378744150
758144544009
138900706983
597121849516
545942549560
823385144603
337883826563
522167954160
328765713898
273056226415
551906593487
623422223207
440520145137
257971833619
102844083260
441027214530
639008039535
378719383036
204890048763
868083449827
926458521025
440740565141
409303663776
291265220252
119876340331
553347989031
711537057457
397337821817
669815531857
620520259156
323684917023
869576404743
738239381898
731438294652
837563277464
706326039692
855862144268
508362054477
205522975732
215666811308
345830205575
585170337172
150230550170
478322841510
421892250541
994015057396
616861106894
485928450664
653746610842
547446041756
596501097757
818789541417
684975348555
454024690287
315016738824
646860640748
271073935807
693090545696
204823086357
490200199892
838382171006
973329856579
815930211104
273616470423
590412994072
374389116159
119437287578
939593316382
147377409952
912513675449
184633337218
959043249680
342556035392
430877539210
796634834251
710237588576
840763262363
583359786196
176559023813
733000198763
613681580716
951933895229
985786427365
700077972126
920987839134
865618488409
210339126103
268535991518
440267710794
651086522505
964912524018
753056652934
390854573461
161038039251
528993740410
148131724239
577564445313
224098343273
552186000465
860257885968
472763726998
909988328390
102686788079
163091820708
427003742944
729802975050
508518896634
306464242802
357134251700
225604312409
741050271603
258855976651
308163599495
190630462506
907858560876
952657628808
587024274691
896700663230
913549732453
357452571982
156415293772
421115213167
329118025944
407786290294
839418640134
990075011666
927753647378
596626872065
517182851981
139083768979
137624654699
136183706130
618044571593
248569118565
379595048161
385116429461
824374789460
572592668356
574102734661
889656150082
787918765407
922989222492
449072979448
589810740946
374413883232
545057836971
932575296614
352206394767
768361486741
240520135243
737461131453
651350698669
992497370095
653135690097
729230654674
536960884525
981267198426
935050578899
969365405616
553406445427
617074264773
748030726243
751760224474
377487219178
426969261188
630221941814
586061262391
388600548051
221239834458
236283444999
253463843694
758965606097
720919661868
908980514744
125656162303
119339152588
972600660968
864632814417
324148951020
413235100517
183196112573
743604735782
210543407680
562083934139
988633955047
753829243313
402126419369
547726668085
504076168793
754524554480
188419898360
318099194361
494963186671
128885388992
421256902013
363461328140
534062753724
423023084663
265119401745
831229200107
790443516591
794851406934
345394001869
899101692007
981616487293
369551704462
493621388000
235302069628
162671515945
130908454628
112677337927
857547202801
612354939597
494978501895
699999988854
488268283086
832342919890
961321654235
184316836169
905559103723
466289557385
935991948266
231719533766
865913126632
777120389330
509045363239
972512213850
950261223644
681495421627
611612130305
921043659590
344165345117
755494581833
497616838197
293094310334
319327884402
303764215963
356463953664
842099040234
558709018152
133452765007
284028334593
170381745345
141028580186
234636281818
701488242758
694548283226
566629612494
139481781767
822673802903
692883965682
641341125964
881807801938
154946745343
498678347902
143885113947
532646984632
709014343037
559473579522
695781977003
378656481005
531772576265
842505115533
612682483576
413045155945
119236594637
435376184519
882709958847
484702911289
413414018409
773799337283
870511082094
184991923863
759615693158
916992494709
699157238856
983615324955
629339370495
950408065605
877313543181
562975248372
391663716565
270912667237
845980454698
805325543774
277624549300
402376323405
823118323989
439538042439
212233946033
972646302007
947529764690
748221950945
720021429115
283538704919
892028760482
207002120193
853363823829
128740875811
211758123953
412637279443
244750672517
458537192266
218672707219
375193812451
855524694683
858758110252
417839902674
164520581751
302618186531
562993961394
399346863210
643199252386
758289596532
208735714971
678410962474
930451283346
957542760846
728559751461
476472860574
891153597577
852780540937
901547871177
603622282650
255342268467
819443078273
490424064254
974422811940
699607230858
635050241679
834942725039
751633332322
364100692619
326744654637
185796300257
674090294173
144811037869
419212739456
392481315526
709949524706
597542160715
787261695548
386512553252
914938672475
310281194166
740571838281
123038128828
555185534481
975676537685
988778474677
229362092152
472508187923
761896843049
699977394956
555307304484
998800573375
220616487421
940148811880
694466432522
160974664470
628192004536
456044639024
922667651417
684498342448
409464830624
878746196516
361146103186
406200030416
798355004281
413550211508
398117511545
393838830074
457899048499
202067706379
229834845533
761358712417
926834209770
116871552819
766354493016
963873071571
140222894180
345054883313
636522208543
689651407801
831139444412
676474354714
824027074068
201515106829
754634033541
384654676010
859075103432
753672103255
943541417068
240241792768
922218705714
907618079883
582007150012
447105469771
998638824949
221638920657
960804015069
947051942803
267429026656
180904930072
404315777282
617559870857
186327708411
467778845047
794925026427
343820536752
195762286264
793464813927
412749076271
869086174994
358579485796
363755658316
854439259786
318156812116
236338742811
309472696072
876962558692
268722216940
176738795924
614641810425
480031099314
427241987409
623115950699
191746563933
395145894718
979085740223
198070238264
162686098618
946551279588
661725060101
119112702286
502325996654
671587279129
869551745739
527455467409
549782052585
519525182546
732054991434
278344296118
909763028127
626361190860
861455343126
172975119850
126888325097
834550533958
694590257454
506358988525
588656400294
404632284951
809033069933
521698209302
649150883810
553287835412
965302463670
542612216418
235040877000
373088841607
337613938407
476906844405
985704316303
775573877601
179532430737
801270962434
131168612613
345708946772
568796855565
593012588998
817637271333
721710129363
783469847329
624023863347
854072571658
798169189832
779659721293
458198921035
333821265487
265628356115
761443384318
932053118070
106018279501
507710164403
362190376486
489514270898
247505612101
318625765740
857854581213
778038924064
948789436517
197259629087
547940591289
701828223846
713924071469
517728651734
316663501486
431785176423
993246009107
885241898944
257656491027
343678297463
396933777061
689944395925
984017628111
235587922177
701374518012
380954062530
546946916880
295240556553
347502228622
999883748621
269169482830
794074185757
592796670212
943893986489
926711774348
717840644888
323961994222
790096508749
321573509970
605619641984
315269328908
667957909515
167857705732
317034827159
839617978682
600232768003
387859787363
593465296227
818218765378
221243657712
751834300264
468209528175
640048546595
769116036581
430607076323
696791682043
301515275699
111828591428
225551100289
927466524867
418959383098
464140112466
756863166000
714701059971
140860665780
273178910669
711607439920
854874636835
167914428322
631412906066
767022083428
744753674729
428745953987
812230868331
274743340092
452781172631
683956248607
259425525654
986568982691
386614100317
424682185592
123362854321
337707252014
351263105752
318587601340
263759658756
155158888437
700770988076
158971871852
733624370109
143173377516
947860553261
914282095037
357747301927
887407977288
137968784894
722499859642
337111264864
373777513166
991608125013
311692523987
713953664297
413736899650
726032272183
321363569806
503539113621
987449491591
441667425683
457513620765
359207504296
367157748257
229272806798
855117901106
356054553978
361328355454
742236407190
573796916486
351420635051
322530810745
136590589555
115967991905
415067963823
186073579557
732044134224
352173573739
895506349733
384982958556
946575797046
448585235669
488967881772
910293078268
664475904119
123955903283
401367228024
522005917269
165615778185
391601992950
892336135364
898944761567
207291011357
990960471576
922350636202
389504259725
255818388806
955189257245
434646827603
206528291413
630452650272
448667609565
690547065143
328148725896
288739144525
774759243843
380541603804
477339279594
591346329696
472279560350
540799554985
852466914519
578731800789
988836002808
850572056676
166661845716
976738472077
758072268473
952729647309
445719750212
585331542612
582749031990
313729443925
572747686194
832167280764
587669554186
722821463931
525583201250
450680167250
214560483783
434470901968
124308704856
224583775298
220883158258
945224790093
620169605512
696968645237
718382949027
217815699887
272843310393
955312692374
922377236105
609637099183
744102478468
765216788788
487389342940
466852609656
933755680413
597463339783
687690280192
505536895161
845508630652
371967744729
792162591632
850861572361
106691842751
156783427358
810785128169
335778990329
424793035116
962230857812
704495274728
128706687667
608343235791
902943494770
345769285954
940560795327
875412411226
567056862790
371949312303
646034014417
292385019177
674751178392
224480329482
605399141529
947280682665
905243291687
313525394168
890732616997
620587367520
164651135714
681389655647
273491639069
421042650382
569122396719
715548400376
193498111980
978641085323
395359553696
885699533152
670875059400
107154148123
550347823720
574735817128
116034708728
189029886622
861825972160
499121287839
205840475443
538244973754
502023284231
748863438392
414863106080
661128896227
405210953048
805443800761
630933480670
443468952610
587466635062
199554904403
332280613974
241197753186
199976441967
191143391433
144506098867
564295117938
644948531649
977310239073
441985197975
544020007216
286185476962
820953454835
646945386795
177127990829
889493914860
561163579937
215937176022
242490977683
550028895081
710824829492
692500559822
156738421219
524027590716
124113488243
352222707192
838980244738
803991038270
403533157099
712075654405
835015385244
699543452384
168346044953
396549193568
337008468557
756611919641
826766218463
871582825337
277942916533
142858372150
665083624824
677376985793
184083749444
231487148525
332700800273
771587355238
815013677804
515076419137
981213817813
585808986756
740580502703
693123571002
811673423320
960988335230
761884405014
334583022212
640995281853
874132229798
966924008424
549260326073
958462545527
882453357229
847398017816
974858663240
212440487690
600014430661
860164622407
394117758051
152115163378
597097558259
544853569337
166024672520
675560748515
404786405242
545555793304
670577648337
320298262582
597788087067
718785599794
881299702761
785751967708
807801347957
866950656430
298798581425
178804871673
258561952035
512056853542
763957559261
211854294677
771651107091
901503900460
627850683128
244270303919
758496894390
797046839437
523425971006
392404449464
297824894921
801781506641
535632261103
401366167975
398464436024
348678958789
617052820021
605391875980
276952111084
170593101061
307420515626
400390887216
977531945480
590263733747
460810679019
834794590959
972136797233
665845645781
983740591599
194922158600
399677460960
512952870825
446804572142
604163684925
736378107734
192447671419
336192115650
383622636750
794828786813
872393649330
498054396813
233984768318
270751252532
940381619279
307594383419
557196312762
968938264579
811284162556
353915894815
489680152881
157871452561
646094177419
454301587469
716698345739
988298655849
570275574862
502481423534
978413986882
385633383214
808684447841
503212006577
518693963226
331882663123
118761325354
441348171094
994258821797
666057640073
453685617191
239514627481
676795387881
274460460387
299278366118
896821922230
295603416916
295446516245
517561243736
410248838445
517953052948
159670424480
262508074335
626023276187
387906910653
320294237211
979422607598
487677956383
894174899686
416323011637
375634268878
922660035955
919929485171
796870965303
201040514673
628637586274
543590922156
234643785600
626947602841
693439889284
768793766452
381563204061
345733281818
428340750151
165652115040
699681791784
435560843488
779518196592
367871210232
493790655159
657867880488
752515899810
638061950315
880380070252
737510977632
933766100061
384736189517
979937526063
807131375155
762491997825
539834513525
576637303948
553028805145
950517157517
215031653201
239310625313
921553130784
783144178766
733229765900
530406346564
369436757752
567639246089
970804195008
963572109325
530616362694
235690422241
890519456921
294994857156
495558882046
763166268611
223108432585
928373476348
607132113698
349466875895
981750710063
193318268046
815296429194
659560735665
325506342995
792306347314
130906395853
394345289464
778223035164
712487896895
881574381239
676981277367
561333202458
586176639882
559573401244
167044284196
876685318876
685026433345
931228874807
474008070912
273853790939
384364147545
806161505790
434392238332
524907466217
579192415275
756692421483
804932331806
653214339122
165207688491
913397632516
108276893310
681784159859
476450273661
973035553270
307597613923
674115937963
454459528567
488287793428
596314207051
292643547446
789612747332
130072069232
999725186731
376530874572
537914802454
757597462514
709060341349
719719214883
322967257162
129516801962
